0.5
0.5
0.5
0.5
0.5
0.5
0.5
0.5
0.5
0.5
0.5
0.5
0.5
0.5
0.5
0.5
0.5
0.5
0.5
0.5
0.5
0.5
0.5
0.5
0.5
0.5
0.5
0.5
0.5
0.5
0.5
0.5
0.5
0.5
0.5
0.5
0.5
0.5
0.5
0.5
0.5
0.5
0.5
0.5
0.5
0.5
0.5
0.5
0.5
0.5
0.5
0.5
0.5
0.5
0.5
0.5
0.5
0.5
0.5
0.5
0.5
0.5
0.5
0.5
0.5
0.5
0.5
0.5
0.5
0.5
0.5
0.5
0.5
0.5
0.5
0.5
0.5
0.5
0.5
0.5
0.5
0.5
0.5
0.5
0.5
0.5
0.5
0.5
0.5
0.5
0.5
0.5
0.5
0.5
0.5
0.5
0.5
0.5
0.5
0.5
0.5
0.5
0.5
0.5
0.5
0.5
0.5
0.5
0.5
0.5
0.5
0.5
0.5
0.5
0.5
0.5
0.5
0.5
0.5
0.5
0.5
0.5
0.5
0.5
0.5
0.5
0.5
0.5
0.5
0.5
0.5
0.5
0.5
0.5
0.5
0.5
0.5
0.5
0.5
0.5
0.5
0.5
0.5
0.5
0.5
0.5
0.5
0.5
0.5
0.5
0.5
0.5
0.5
0.5
0.5
0.5
0.5
0.5
0.5
0.5
0.5
0.5
0.5
0.5
0.5
0.5
0.5
0.5
0.5
0.5
0.5
0.5
0.5
0.5
0.5
0.5
0.5
0.5
0.5
0.5
0.5
0.5
0.5
0.5
0.5
0.5
0.5
0.5
0.5
0.5
0.5
0.5
0.5
0.5
0.5
0.5
0.5
0.5
0.5
0.5
0.5
0.5
0.5
0.5
0.5
0.5
0.5
0.5
0.5
0.5
0.5
0.5
0.5
0.5
0.5
0.5
0.5
0.5
0.5
0.5
0.5
0.5
0.5
0.5
0.5
0.5
0.5
0.5
0.5
0.5
0.5
0.5
0.5
0.5
0.5
0.5
0.5
0.5
0.5
0.5
0.5
0.5
0.5
0.5
0.5
0.5
0.5
0.5
0.5
0.5
0.5
0.5
0.5
0.5
0.5
0.5
0.5
0.5
0.5
0.5
0.5
0.5
0.5
0.5
0.5
0.5
0.5
0.5029403567314148
0.5037219524383545
0.5007094144821167
0.5017480254173279
0.5020223259925842
0.5043464303016663
0.5028809905052185
0.5
0.5
0.5
0.5
0.5
0.5
0.5
0.5
0.5
0.5
0.5
0.5
0.5
0.5
0.5
0.5
0.5
0.5
0.5
0.5
0.5
0.5002371072769165
0.5
0.5
0.5
0.5
0.5
0.5
0.5
0.5
0.5
0.5
0.5
0.5
0.5
0.5
0.5
0.5
0.5
0.5
0.5
0.5
0.5
0.5
0.5
0.5
0.5
0.5
0.5
0.5
0.5
0.5
0.5
0.5
0.5
0.5
0.5
0.5
0.5
0.5
0.5
0.5
0.5
0.5
0.5
0.5
0.5
0.5
0.5
0.5
0.5
0.5
0.5
0.5
0.5
0.5
0.5
0.5
0.5
0.5
0.5
0.5
0.5
0.5
0.5
0.5
0.5
0.5
0.5
0.5
0.5
0.5
0.5
0.5
0.5
0.5
0.5
0.5
0.5
0.5
0.5
0.5
0.5
0.5
0.5
0.5
0.5
0.5
0.5
0.5
0.5
0.5
0.5
0.5
0.5
0.5
0.5
0.5
0.5
0.5
0.5
0.5
0.5
0.5
0.5
0.5
0.5
0.5
0.5
0.5
0.5
0.5
0.5
0.5
0.5
0.5
0.5
0.5
0.5
0.5
0.5
0.5
0.5
0.5
0.5
0.5
0.5
0.5
0.5
0.5
0.5
0.5
0.5
0.5
0.5
0.5
0.5
0.5
0.5
0.5
0.5
0.5
0.5
0.5
0.5
0.5
0.5
0.5
0.5
0.5
0.5
0.5
0.5
0.5
0.5
0.5
0.5
0.5
0.5
0.5
0.5
0.5
0.5
0.5
0.5
0.5
0.5
0.5
0.5
0.5
0.5
0.5
0.5
0.5
0.5
0.5
0.5
0.5
0.5
0.5
0.5
0.5
0.5
0.5
0.5
0.5
0.5
0.5
0.5
0.5
0.5
0.5
0.5
0.5
0.5
0.5
0.5
0.5
0.5
0.5
0.5
0.5
0.5
0.5
0.5
0.5
0.5
0.5
0.5
0.5
0.5
0.5
0.5
0.5
0.5
0.5
0.5
0.5
0.5
0.5
0.5
0.5
0.5
0.5
0.5
0.5
0.5
0.5
0.5
0.5
0.5
0.5
0.5
0.5
0.5
0.5
0.5
0.5
0.5
0.5
0.5
0.5
0.5
0.5
0.5
0.5
0.5
0.5
0.5
0.5
0.5
0.5
0.5
0.5
0.5
0.5
0.5
0.5
0.5
0.5
0.5
0.5
0.5
0.5
0.5
0.5
0.5
0.5
0.5
0.5
0.5
0.5
0.5
0.5
0.5
0.5
0.5
0.5
0.5
0.5
0.5
0.5
0.5
0.5
0.5
0.5
0.5
0.5
0.5
0.5
0.5
0.5
0.5
0.5
0.5
0.5
0.5007210969924927
0.5038467049598694
0.5041455626487732
0.5041455626487732
0.5
0.5
0.5
0.5
0.5
0.5
0.5078796744346619
0.5163281559944153
0.5200495719909668
0.525933027267456
0.5312529802322388
0.5376392006874084
0.5455585718154907
0.5530191659927368
0.5610811710357666
0.5685082674026489
0.5917443633079529
0.6025955677032471
0.628083348274231
0.6595513224601746
0.6791653633117676
0.6954318284988403
0.7149682641029358
0.7410337924957275
0.7679062485694885
0.7893529534339905
0.8360516428947449
0.8595249652862549
0.9006190299987793
0.9466546773910522
0.9556554555892944
0.963214635848999
0.970234751701355
0.9750363826751709
0.9799137115478516
0.9853911995887756
0.987113356590271
0.9883105754852295
0.9894176125526428
0.9894078969955444
0.9901146292686462
0.9910941123962402
0.9908890128135681
0.5
0.990656316280365
0.990507960319519
0.9884669780731201
0.5
0.9881130456924438
0.5
0.9879136085510254
0.9856305122375488
0.5
0.9797201156616211
0.9776041507720947
0.9750030636787415
0.9676812291145325
0.9600256085395813
0.9521015882492065
0.5
0.5
0.5
0.5
0.5
0.5
0.5
0.5
0.5
0.5
0.5
0.5
0.5
0.5
0.5
0.5
0.5
0.5
0.5
0.5
0.5
0.5
0.5
0.5
0.5
0.5
0.5
0.5
0.5
0.5
0.5
0.5
0.5
0.5
0.5
0.5
0.5
0.5
0.5
0.5
0.4047936201095581
0.45115771889686584
0.6624337434768677
0.5000443458557129
0.5930424928665161
0.3174298405647278
0.6769254207611084
0.41350096464157104
0.6548765301704407
0.4857458472251892
0.31045442819595337
0.662031352519989
0.4646572172641754
0.40773504972457886
0.6710140109062195
0.49210238456726074
0.3617154657840729
0.6947338581085205
0.6277128458023071
0.6697578430175781
0.6368263363838196
0.4939700961112976
0.5041561722755432
0.5325043201446533
0.5158840417861938
0.3124747574329376
0.3958868384361267
0.47987183928489685
0.4162137806415558
0.5784356594085693
0.6959013342857361
0.49131566286087036
0.5051199197769165
0.43411868810653687
0.42067062854766846
0.601387083530426
0.3823765814304352
0.6644771099090576
0.5521204471588135
0.34481745958328247
0.3087042570114136
0.30073484778404236
0.550272524356842
0.5855883359909058
0.632262647151947
0.48990699648857117
0.38724130392074585
0.3411089777946472
0.5076500773429871
0.5124413967132568
0.5902758836746216
0.4403407871723175
0.4853435754776001
0.5228157639503479
0.5463849902153015
0.5496497750282288
0.5661919116973877
0.45045849680900574
0.6392215490341187
0.4056714177131653
0.3673884868621826
0.3288899064064026
0.3881254196166992
0.5148395299911499
0.6453894376754761
0.3880411982536316
0.45703187584877014
0.5248962640762329
0.3049948513507843
0.5015898942947388
0.6935269236564636
0.30319175124168396
0.44254830479621887
0.3649226427078247
0.5107613205909729
0.347960889339447
0.591185986995697
0.35390323400497437
0.3120846748352051
0.5235346555709839
0.38591378927230835
0.45239681005477905
0.47557884454727173
0.5812168717384338
0.5000443458557129
0.5465212464332581
0.4087149202823639
0.5884627103805542
0.4567504823207855
0.5774382948875427
0.4928729236125946
0.4052272140979767
0.5810156464576721
0.4823286235332489
0.45386752486228943
0.5855070352554321
0.49605119228363037
0.43085771799087524
0.5973669290542603
0.5638564229011536
0.5848789215087891
0.5684131979942322
0.501449465751648
0.5026707053184509
0.4394851624965668
0.5611408352851868
0.5290873646736145
0.5020708441734314
0.46194806694984436
0.4805910587310791
0.4098576307296753
0.40755096077919006
0.46744006872177124
0.46809321641921997
0.5100170373916626
0.47960567474365234
0.4285539984703064
0.4822772145271301
0.5279078483581543
0.5119919776916504
0.5003786683082581
0.5023525953292847
0.4047650694847107
0.5550283789634705
0.591323733329773
0.4137117266654968
0.5768534541130066
0.42895179986953735
0.5356215238571167
0.5407850742340088
0.4068174660205841
0.5453251004219055
0.5524500608444214
0.47836530208587646
0.43184638023376465
0.5019413828849792
0.5742591619491577
0.5817368030548096
0.5070932507514954
0.4994433522224426
0.4838069677352905
0.5364162921905518
0.42107677459716797
0.4537762403488159
0.5385236144065857
0.4980444312095642
0.466512531042099
0.4913376569747925
0.4185788333415985
0.4648534953594208
0.4106225073337555
0.5927371382713318
0.4491257071495056
0.4704101085662842
0.443572461605072
0.5593445897102356
0.5633646845817566
0.5050261616706848
0.5478776693344116
0.5781986117362976
0.4911401569843292
0.4926726520061493
0.5766844749450684
0.5610791444778442
0.4642711877822876
0.45166030526161194
0.41365188360214233
0.5234897136688232
0.5872377753257751
0.5003953576087952
0.5997672080993652
0.4312098026275635
0.4521028995513916
0.5876927375793457
0.47023653984069824
0.44000592827796936
0.5214632153511047
0.46041303873062134
0.5893439054489136
0.5491026639938354
0.4837646782398224
0.5079609155654907
0.4272053837776184
0.5005401968955994
0.42672985792160034
0.5430167317390442
0.49400782585144043
0.5655416250228882
0.4788118898868561
0.5141628980636597
0.41358518600463867
0.5552464127540588
0.5762365460395813
0.43532824516296387
0.5617914199829102
0.5
0.5
0.5
0.5
0.5
0.5
0.5
0.5
0.5
0.5
0.5
0.5
0.5
0.5
0.5
0.5103207230567932
0.5154270529747009
0.5196347236633301
0.5267305374145508
0.5343313813209534
0.5398013591766357
0.5476664304733276
0.5567019581794739
0.5641798973083496
0.5722774267196655
0.5
0.6137568354606628
0.6279739141464233
0.6423991918563843
0.658232569694519
0.6776437759399414
0.6970213651657104
0.7425626516342163
0.7650091052055359
0.8172957897186279
0.8392629623413086
0.8642569780349731
0.8829599618911743
0.9071881175041199
0.9218207597732544
0.9377447366714478
0.5
0.5
0.5
0.5
0.5
0.5
0.5
0.9979680776596069
0.9983710050582886
0.998656153678894
0.9985719323158264
0.9989880323410034
0.9992759227752686
0.9993627071380615
0.9994128942489624
0.999559760093689
0.9995818138122559
0.9995750188827515
0.9996705055236816
0.9997569918632507
0.5
0.9998089075088501
0.9998220205307007
0.9998221397399902
0.9998154640197754
0.5
0.9998133182525635
0.9997968673706055
0.9998012185096741
0.5
0.999769926071167
0.9997313618659973
0.9997336864471436
0.9997619390487671
0.9997632503509521
0.9997718334197998
0.9997719526290894
